3.081353232513665
2.150235374538661
3.4183248787650986
4.8260718134399205
2.94595999411268
2.7297948645965797
4.554805671058775
3.979314833240504
1.1601196871182435
2.482581751469746
3.193825297134252
4.192594500188963
2.890007314684194
4.080445391024714
2.6436333379296206
4.68064604425642
0.9513359697935821
4.638422452027571
2.174195651617015
2.705448095938775
5.035573888403916
4.489827969060708
3.3831443452748435
3.9936255350849112
1.6548810840291055
2.794462069860317
3.5745518563291374
2.2483430504676116
2.4553844866669032
2.706786283545886
3.14923563859525
4.4800297606358
3.646012275400043
1.7073759435498652
2.2517815136594663
3.5520937308602223
1.9353013431308221
3.579935975964858
1.7724913249965353
2.205521096433472
2.916451195998437
5.222091862227966
2.453609365672044
3.1600483927671696
4.018137296033373
1.5207284918231239
4.333363671270654
3.034340464062783
3.933626449710897
3.075234442278942
