5.780622026521578
4.797633793365843
3.929414324040753
5.2649090870214055
5.997556373637599
4.878497376680253
4.946746957290902
4.3496016162544775
6.708258452353089
3.003435167384119
2.5022145993647764
4.139220989084263
4.090646715797023
7.890693492034471
4.73667539397218
3.772152027855906
4.444759296255174
5.287511825355899
5.206814111498219
5.089268787989336
4.857142392166776
4.760082521626832
6.156575904024372
5.280008440306239
5.106089783157356
4.9845532605054705
3.189049815667317
6.408685370314053
3.9056763493361037
4.5383647611737405
6.796450847519468
4.388862329186103
6.307109326601727
5.264637058816527
5.300652869695258
4.669365313352192
5.790618354208872
7.449804422910942
3.4978563810842895
4.906014948307373
3.986458513220796
4.0835026292237355
5.948347246922215
3.4552164339032183
6.1287232311023665
5.878685591974598
5.074331948960381
4.995295460458146
4.576334249826159
3.1415563025950046
