6.632109983714794
6.663879708070797
5.5086970881394635
5.46575715337641
5.816593878447459
5.141771952111486
7.596874467219424
4.764986752172114
5.776708392100584
7.0712733455428
5.054911151875814
6.034691384846435
5.530812628119741
6.11104093216019
4.849324874169991
6.6631455670944915
4.727406024720614
5.698913769951329
5.131802614740504
5.434551743879346
5.821728199134052
4.267324903848751
3.843961246860647
8.049712073638048
4.5662020900792
5.702346231502192
6.164459194635934
4.2796104670231045
5.801939371527262
6.61881199648947
6.319707668926098
4.880233189252949
5.5567117787008495
6.05013989507641
5.13223542680316
7.488065396935589
5.4990588394039035
5.9520746256733625
6.829183931559857
4.8320074514919575
5.297658404073989
5.115150195270581
6.170430743331188
6.514889112390145
7.4211102407874385
7.005497492199804
6.613006085375753
6.312614814068233
5.609506731374668
3.7166161287613395
