10.075620338975884
10.839170533234116
10.986625721882723
11.254204982671665
8.29307128285334
10.740767217752282
9.180735864700058
9.124199024033048
8.43214762547468
9.677228394585635
8.992583482852172
8.866293648561998
9.861908996793026
11.103330727300316
9.272789188187286
10.077056198262131
9.531757094558953
11.00434076553959
11.621508131997649
8.47517922862821
12.259140786583133
10.598166078661517
8.762982180623267
10.420072879049581
10.15818273713494
8.245683392019352
10.014677290294577
9.816150346292401
10.195783487479245
9.780446575156057
9.362890698256269
10.876482747744024
10.770510153082341
12.033797614889195
10.173355881212908
10.478893372650928
9.015557687329702
9.33466259437563
9.275616757595245
9.039974117876152
11.152646795656402
11.88036405647083
9.746348781477362
10.426028936958735
11.910515793186145
10.2770047315299
9.726221627490963
10.4483152532478
11.239369375376588
10.211154030543797
